Photon    Tot. w/  Tot. wo/ 
Energy    Coherent Coherent 

1.000E-03 5.209E+03 5.197E+03 
1.500E-03 2.356E+03 2.344E+03 
2.000E-03 1.285E+03 1.274E+03 
2.484E-03 8.009E+02 7.900E+02 
2.484E-03 1.396E+03 1.385E+03 
2.534E-03 1.647E+03 1.636E+03 
2.586E-03 1.944E+03 1.933E+03 
2.586E-03 2.450E+03 2.439E+03 
3.000E-03 1.965E+03 1.955E+03 
3.066E-03 1.857E+03 1.847E+03 
3.066E-03 2.146E+03 2.136E+03 
3.301E-03 1.792E+03 1.782E+03 
3.554E-03 1.496E+03 1.486E+03 
3.554E-03 1.585E+03 1.575E+03 
3.699E-03 1.441E+03 1.432E+03 
3.851E-03 1.311E+03 1.302E+03 
3.851E-03 1.368E+03 1.358E+03 
4.000E-03 1.251E+03 1.242E+03 
5.000E-03 7.305E+02 7.223E+02 
6.000E-03 4.672E+02 4.598E+02 
8.000E-03 2.287E+02 2.227E+02 
1.000E-02 1.306E+02 1.257E+02 
1.304E-02 6.700E+01 6.315E+01 
1.304E-02 1.621E+02 1.583E+02 
1.500E-02 1.116E+02 1.083E+02 
1.520E-02 1.078E+02 1.045E+02 
1.520E-02 1.485E+02 1.453E+02 
1.553E-02 1.412E+02 1.381E+02 
1.586E-02 1.344E+02 1.313E+02 
1.586E-02 1.548E+02 1.517E+02 
2.000E-02 8.637E+01 8.404E+01 
3.000E-02 3.032E+01 2.894E+01 
4.000E-02 1.436E+01 1.344E+01 
5.000E-02 8.042E+00 7.387E+00 
6.000E-02 5.020E+00 4.530E+00 
8.000E-02 2.419E+00 2.112E+00 
8.800E-02 1.910E+00 1.647E+00 
8.800E-02 7.684E+00 7.421E+00 
1.000E-01 5.549E+00 5.336E+00 
1.500E-01 2.015E+00 1.910E+00 
2.000E-01 9.986E-01 9.360E-01 
3.000E-01 4.032E-01 3.733E-01 
4.000E-01 2.323E-01 2.148E-01 
4.971E-01 1.628E-01 1.512E-01 
5.000E-01 1.613E-01 1.499E-01 
5.630E-01 1.359E-01 1.268E-01 
5.690E-01 1.340E-01 1.250E-01 
6.000E-01 1.248E-01 1.167E-01 
6.006E-01 1.246E-01 1.165E-01 
6.040E-01 1.237E-01 1.157E-01 
6.103E-01 1.220E-01 1.142E-01 
6.210E-01 1.193E-01 1.118E-01 
6.350E-01 1.160E-01 1.087E-01 
6.620E-01 1.101E-01 1.035E-01 
7.230E-01 9.922E-02 9.360E-02 
7.240E-01 9.907E-02 9.346E-02 
7.560E-01 9.435E-02 8.919E-02 
7.570E-01 9.421E-02 8.907E-02 
7.650E-01 9.312E-02 8.808E-02 
7.950E-01 8.930E-02 8.462E-02 
8.000E-01 8.870E-02 8.408E-02 
8.010E-01 8.858E-02 8.397E-02 
8.730E-01 8.098E-02 7.708E-02 
9.960E-01 7.128E-02 6.827E-02 
1.000E+00 7.102E-02 6.803E-02 
1.004E+00 7.076E-02 6.779E-02 
1.022E+00 6.962E-02 6.676E-02 
1.038E+00 6.865E-02 6.587E-02 
1.050E+00 6.795E-02 6.523E-02 
1.167E+00 6.201E-02 5.981E-02 
1.205E+00 6.043E-02 5.836E-02 
1.246E+00 5.889E-02 5.695E-02 
1.250E+00 5.875E-02 5.682E-02 
1.274E+00 5.793E-02 5.607E-02 
1.365E+00 5.526E-02 5.363E-02 
1.494E+00 5.234E-02 5.098E-02 
1.500E+00 5.222E-02 5.088E-02 
1.562E+00 5.110E-02 4.985E-02 
1.596E+00 5.054E-02 4.934E-02 
1.766E+00 4.822E-02 4.725E-02 
1.797E+00 4.787E-02 4.693E-02 
1.988E+00 4.615E-02 4.538E-02 
2.000E+00 4.607E-02 4.530E-02 
2.044E+00 4.577E-02 4.504E-02 
2.112E+00 4.534E-02 4.466E-02 
2.185E+00 4.493E-02 4.429E-02 
3.000E+00 4.234E-02 4.200E-02 
4.000E+00 4.198E-02 4.178E-02 
5.000E+00 4.272E-02 4.260E-02 
6.000E+00 4.391E-02 4.382E-02 
7.000E+00 4.528E-02 4.522E-02 
8.000E+00 4.675E-02 4.670E-02 
9.000E+00 4.823E-02 4.819E-02 
1.000E+01 4.972E-02 4.969E-02 
1.100E+01 5.117E-02 5.114E-02 
1.200E+01 5.260E-02 5.257E-02 
1.300E+01 5.397E-02 5.396E-02 
1.400E+01 5.532E-02 5.530E-02 
1.500E+01 5.658E-02 5.656E-02 
1.600E+01 5.778E-02 5.776E-02 
1.800E+01 6.001E-02 6.000E-02 
2.000E+01 6.206E-02 6.205E-02 
2.200E+01 6.394E-02 6.393E-02 
2.400E+01 6.569E-02 6.569E-02 
2.600E+01 6.730E-02 6.730E-02 
2.800E+01 6.881E-02 6.881E-02 
3.000E+01 7.022E-02 7.022E-02 
4.000E+01 7.610E-02 7.610E-02 
5.000E+01 8.056E-02 8.056E-02 
6.000E+01 8.408E-02 8.408E-02 
8.000E+01 8.934E-02 8.934E-02 
1.000E+02 9.310E-02 9.310E-02 
1.500E+02 9.909E-02 9.909E-02 
2.000E+02 1.027E-01 1.027E-01 
3.000E+02 1.069E-01 1.069E-01 
4.000E+02 1.093E-01 1.093E-01 
5.000E+02 1.109E-01 1.109E-01 
6.000E+02 1.121E-01 1.121E-01 
8.000E+02 1.136E-01 1.136E-01 
1.000E+03 1.146E-01 1.146E-01 
1.500E+03 1.160E-01 1.160E-01 
2.000E+03 1.168E-01 1.168E-01 
3.000E+03 1.177E-01 1.177E-01 
4.000E+03 1.181E-01 1.181E-01 
5.000E+03 1.184E-01 1.184E-01 
6.000E+03 1.186E-01 1.186E-01 
8.000E+03 1.188E-01 1.188E-01 
1.000E+04 1.190E-01 1.190E-01 
1.500E+04 1.192E-01 1.192E-01 
2.000E+04 1.194E-01 1.194E-01 
3.000E+04 1.195E-01 1.195E-01 
4.000E+04 1.196E-01 1.196E-01 
5.000E+04 1.196E-01 1.196E-01 
6.000E+04 1.196E-01 1.196E-01 
8.000E+04 1.197E-01 1.197E-01 
1.000E+05 1.197E-01 1.197E-01 
