Photon    Tot. w/  Tot. wo/ 
Energy    Coherent Coherent 

1.000E-03 6.386E+03 6.373E+03 
1.022E-03 6.131E+03 6.119E+03 
1.045E-03 5.886E+03 5.874E+03 
1.045E-03 6.232E+03 6.220E+03 
1.153E-03 5.161E+03 5.149E+03 
1.273E-03 4.277E+03 4.265E+03 
1.273E-03 4.332E+03 4.321E+03 
1.354E-03 3.824E+03 3.812E+03 
1.441E-03 3.377E+03 3.365E+03 
1.441E-03 3.439E+03 3.427E+03 
1.500E-03 3.163E+03 3.152E+03 
2.000E-03 1.726E+03 1.715E+03 
3.000E-03 7.038E+02 6.940E+02 
3.552E-03 4.791E+02 4.699E+02 
3.552E-03 1.131E+03 1.122E+03 
3.639E-03 1.060E+03 1.051E+03 
3.728E-03 9.938E+02 9.848E+02 
3.728E-03 1.408E+03 1.399E+03 
4.000E-03 1.182E+03 1.174E+03 
4.303E-03 9.877E+02 9.792E+02 
4.303E-03 1.147E+03 1.139E+03 
5.000E-03 7.894E+02 7.815E+02 
5.182E-03 7.206E+02 7.129E+02 
5.182E-03 7.641E+02 7.564E+02 
5.362E-03 7.026E+02 6.951E+02 
5.548E-03 6.460E+02 6.386E+02 
5.548E-03 6.732E+02 6.658E+02 
6.000E-03 5.572E+02 5.501E+02 
8.000E-03 2.753E+02 2.694E+02 
1.000E-02 1.586E+02 1.537E+02 
1.500E-02 5.775E+01 5.444E+01 
1.717E-02 4.125E+01 3.839E+01 
1.717E-02 9.444E+01 9.158E+01 
2.000E-02 6.275E+01 6.036E+01 
2.095E-02 5.563E+01 5.338E+01 
2.095E-02 7.799E+01 7.574E+01 
2.135E-02 7.432E+01 7.212E+01 
2.176E-02 7.082E+01 6.867E+01 
2.176E-02 8.136E+01 7.922E+01 
3.000E-02 3.644E+01 3.503E+01 
4.000E-02 1.751E+01 1.657E+01 
5.000E-02 9.908E+00 9.228E+00 
6.000E-02 6.223E+00 5.712E+00 
8.000E-02 3.013E+00 2.692E+00 
1.000E-01 1.741E+00 1.519E+00 
1.156E-01 1.232E+00 1.057E+00 
1.156E-01 4.331E+00 4.157E+00 
1.500E-01 2.300E+00 2.189E+00 
2.000E-01 1.159E+00 1.092E+00 
3.000E-01 4.704E-01 4.384E-01 
4.000E-01 2.689E-01 2.501E-01 
4.971E-01 1.862E-01 1.737E-01 
5.000E-01 1.845E-01 1.722E-01 
5.630E-01 1.542E-01 1.443E-01 
5.690E-01 1.519E-01 1.422E-01 
6.000E-01 1.409E-01 1.321E-01 
6.006E-01 1.407E-01 1.320E-01 
6.040E-01 1.396E-01 1.310E-01 
6.103E-01 1.376E-01 1.291E-01 
6.210E-01 1.344E-01 1.262E-01 
6.350E-01 1.304E-01 1.226E-01 
6.620E-01 1.235E-01 1.162E-01 
7.230E-01 1.105E-01 1.043E-01 
7.240E-01 1.103E-01 1.042E-01 
7.560E-01 1.047E-01 9.903E-02 
7.570E-01 1.045E-01 9.888E-02 
7.650E-01 1.032E-01 9.770E-02 
7.950E-01 9.867E-02 9.356E-02 
8.000E-01 9.796E-02 9.291E-02 
8.010E-01 9.782E-02 9.278E-02 
8.730E-01 8.885E-02 8.459E-02 
9.960E-01 7.745E-02 7.415E-02 
1.000E+00 7.715E-02 7.387E-02 
1.004E+00 7.684E-02 7.359E-02 
1.022E+00 7.550E-02 7.236E-02 
1.038E+00 7.436E-02 7.131E-02 
1.050E+00 7.353E-02 7.056E-02 
1.167E+00 6.666E-02 6.423E-02 
1.205E+00 6.484E-02 6.256E-02 
1.246E+00 6.306E-02 6.093E-02 
1.250E+00 6.290E-02 6.078E-02 
1.274E+00 6.196E-02 5.991E-02 
1.365E+00 5.886E-02 5.708E-02 
1.494E+00 5.553E-02 5.403E-02 
1.500E+00 5.539E-02 5.391E-02 
1.562E+00 5.413E-02 5.276E-02 
1.596E+00 5.350E-02 5.219E-02 
1.766E+00 5.089E-02 4.981E-02 
1.797E+00 5.049E-02 4.945E-02 
1.988E+00 4.839E-02 4.754E-02 
2.000E+00 4.828E-02 4.744E-02 
2.044E+00 4.789E-02 4.708E-02 
2.112E+00 4.733E-02 4.657E-02 
2.185E+00 4.680E-02 4.609E-02 
3.000E+00 4.346E-02 4.308E-02 
4.000E+00 4.239E-02 4.217E-02 
5.000E+00 4.264E-02 4.250E-02 
6.000E+00 4.343E-02 4.333E-02 
7.000E+00 4.450E-02 4.443E-02 
8.000E+00 4.569E-02 4.564E-02 
9.000E+00 4.698E-02 4.694E-02 
1.000E+01 4.827E-02 4.823E-02 
1.100E+01 4.958E-02 4.955E-02 
1.200E+01 5.084E-02 5.081E-02 
1.300E+01 5.208E-02 5.206E-02 
1.400E+01 5.329E-02 5.327E-02 
1.500E+01 5.446E-02 5.444E-02 
1.600E+01 5.556E-02 5.555E-02 
1.800E+01 5.761E-02 5.760E-02 
2.000E+01 5.950E-02 5.949E-02 
2.200E+01 6.126E-02 6.126E-02 
2.400E+01 6.290E-02 6.289E-02 
2.600E+01 6.444E-02 6.443E-02 
2.800E+01 6.584E-02 6.584E-02 
3.000E+01 6.717E-02 6.717E-02 
4.000E+01 7.268E-02 7.267E-02 
5.000E+01 7.689E-02 7.689E-02 
6.000E+01 8.023E-02 8.023E-02 
8.000E+01 8.521E-02 8.521E-02 
1.000E+02 8.879E-02 8.879E-02 
1.500E+02 9.451E-02 9.451E-02 
2.000E+02 9.796E-02 9.796E-02 
3.000E+02 1.020E-01 1.020E-01 
4.000E+02 1.044E-01 1.044E-01 
5.000E+02 1.059E-01 1.059E-01 
6.000E+02 1.070E-01 1.070E-01 
8.000E+02 1.085E-01 1.085E-01 
1.000E+03 1.095E-01 1.095E-01 
1.500E+03 1.109E-01 1.109E-01 
2.000E+03 1.116E-01 1.116E-01 
3.000E+03 1.125E-01 1.125E-01 
4.000E+03 1.129E-01 1.129E-01 
5.000E+03 1.132E-01 1.132E-01 
6.000E+03 1.134E-01 1.134E-01 
8.000E+03 1.137E-01 1.137E-01 
1.000E+04 1.138E-01 1.138E-01 
1.500E+04 1.141E-01 1.141E-01 
2.000E+04 1.142E-01 1.142E-01 
3.000E+04 1.143E-01 1.143E-01 
4.000E+04 1.144E-01 1.144E-01 
5.000E+04 1.144E-01 1.144E-01 
6.000E+04 1.144E-01 1.144E-01 
8.000E+04 1.145E-01 1.145E-01 
1.000E+05 1.145E-01 1.145E-01 
